{
 "cells": [
  {
   "cell_type": "markdown",
   "source": [
    "## Rows or Columns?"
   ],
   "metadata": {
    "collapsed": false,
    "pycharm": {
     "name": "#%% md\n"
    }
   }
  },
  {
   "cell_type": "code",
   "execution_count": 1,
   "metadata": {},
   "outputs": [],
   "source": [
    "import numpy as np"
   ]
  },
  {
   "cell_type": "code",
   "execution_count": 3,
   "metadata": {},
   "outputs": [],
   "source": [
    "X = np.ones((3,4))"
   ]
  },
  {
   "cell_type": "code",
   "execution_count": 4,
   "metadata": {},
   "outputs": [
    {
     "data": {
      "text/plain": [
       "(3, 4)"
      ]
     },
     "execution_count": 4,
     "metadata": {},
     "output_type": "execute_result"
    }
   ],
   "source": [
    "X.shape"
   ]
  },
  {
   "cell_type": "code",
   "execution_count": 5,
   "metadata": {},
   "outputs": [
    {
     "data": {
      "text/plain": [
       "array([1., 1., 1., 1.])"
      ]
     },
     "execution_count": 5,
     "metadata": {},
     "output_type": "execute_result"
    }
   ],
   "source": [
    "X[0]"
   ]
  },
  {
   "cell_type": "code",
   "execution_count": 8,
   "metadata": {},
   "outputs": [
    {
     "data": {
      "text/plain": [
       "array([[ 0.,  1.,  2.,  3.],\n",
       "       [10., 11., 12., 13.],\n",
       "       [20., 21., 22., 23.]])"
      ]
     },
     "execution_count": 8,
     "metadata": {},
     "output_type": "execute_result"
    }
   ],
   "source": [
    "for i,j in ((l,k) for l in range(X.shape[0]) for k in range(X.shape[1])):\n",
    "    X[i,j] = i*10+j\n",
    "X"
   ]
  },
  {
   "cell_type": "code",
   "execution_count": 9,
   "metadata": {},
   "outputs": [],
   "source": [
    "O = np.zeros((3,4))"
   ]
  },
  {
   "cell_type": "code",
   "execution_count": 15,
   "metadata": {},
   "outputs": [
    {
     "data": {
      "text/plain": [
       "array([[ 0,  1,  2,  3],\n",
       "       [10, 11, 12, 13],\n",
       "       [20, 21, 22, 23]])"
      ]
     },
     "execution_count": 15,
     "metadata": {},
     "output_type": "execute_result"
    }
   ],
   "source": [
    "(np.arange(O.shape[0]).reshape(O.shape[0],1)*10 + \n",
    " np.arange(O.shape[1]).reshape(1,O.shape[1]))"
   ]
  },
  {
   "cell_type": "code",
   "execution_count": 20,
   "metadata": {},
   "outputs": [
    {
     "data": {
      "text/plain": [
       "array([[[[0., 0., 0., 0.],\n",
       "         [0., 0., 0., 0.],\n",
       "         [0., 0., 0., 0.]],\n",
       "\n",
       "        [[0., 0., 0., 0.],\n",
       "         [0., 0., 0., 0.],\n",
       "         [0., 0., 0., 0.]]],\n",
       "\n",
       "\n",
       "       [[[0., 0., 0., 0.],\n",
       "         [0., 0., 0., 0.],\n",
       "         [0., 0., 0., 0.]],\n",
       "\n",
       "        [[0., 0., 0., 0.],\n",
       "         [0., 0., 0., 0.],\n",
       "         [0., 0., 0., 0.]]],\n",
       "\n",
       "\n",
       "       [[[0., 0., 0., 0.],\n",
       "         [0., 0., 0., 0.],\n",
       "         [0., 0., 0., 0.]],\n",
       "\n",
       "        [[0., 0., 0., 0.],\n",
       "         [0., 0., 0., 0.],\n",
       "         [0., 0., 0., 0.]]],\n",
       "\n",
       "\n",
       "       [[[0., 0., 0., 0.],\n",
       "         [0., 0., 0., 0.],\n",
       "         [0., 0., 0., 0.]],\n",
       "\n",
       "        [[0., 0., 0., 0.],\n",
       "         [0., 0., 0., 0.],\n",
       "         [0., 0., 0., 0.]]],\n",
       "\n",
       "\n",
       "       [[[0., 0., 0., 0.],\n",
       "         [0., 0., 0., 0.],\n",
       "         [0., 0., 0., 0.]],\n",
       "\n",
       "        [[0., 0., 0., 0.],\n",
       "         [0., 0., 0., 0.],\n",
       "         [0., 0., 0., 0.]]]])"
      ]
     },
     "execution_count": 20,
     "metadata": {},
     "output_type": "execute_result"
    }
   ],
   "source": [
    "np.zeros((5,2,3,4))"
   ]
  },
  {
   "cell_type": "code",
   "execution_count": 23,
   "metadata": {},
   "outputs": [
    {
     "data": {
      "text/plain": [
       "array([[0],\n",
       "       [1],\n",
       "       [2],\n",
       "       [3],\n",
       "       [4]])"
      ]
     },
     "execution_count": 23,
     "metadata": {},
     "output_type": "execute_result"
    }
   ],
   "source": [
    "np.arange(5).reshape(5,1)"
   ]
  },
  {
   "cell_type": "code",
   "execution_count": 27,
   "metadata": {},
   "outputs": [],
   "source": [
    "q = np.linalg.qr(np.random.normal(size=(5,5)))[0]"
   ]
  },
  {
   "cell_type": "code",
   "execution_count": 33,
   "metadata": {},
   "outputs": [
    {
     "data": {
      "text/plain": [
       "array([[ 1.00000000e+00, -7.75658640e-17,  2.14552226e-17,\n",
       "         1.88646526e-16, -7.43500575e-17],\n",
       "       [-7.75658640e-17,  1.00000000e+00,  1.43895579e-16,\n",
       "         2.42170957e-16,  2.68603987e-16],\n",
       "       [ 2.14552226e-17,  1.43895579e-16,  1.00000000e+00,\n",
       "        -2.69501896e-16, -2.22235487e-16],\n",
       "       [ 1.88646526e-16,  2.42170957e-16, -2.69501896e-16,\n",
       "         1.00000000e+00, -1.86338665e-17],\n",
       "       [-7.43500575e-17,  2.68603987e-16, -2.22235487e-16,\n",
       "        -1.86338665e-17,  1.00000000e+00]])"
      ]
     },
     "execution_count": 33,
     "metadata": {},
     "output_type": "execute_result"
    }
   ],
   "source": [
    "q.dot(q.transpose())"
   ]
  },
  {
   "cell_type": "code",
   "execution_count": 68,
   "metadata": {},
   "outputs": [
    {
     "data": {
      "text/plain": [
       "(array([[1, 2, 3, 4, 5]]),\n",
       " array([[10],\n",
       "        [20],\n",
       "        [30]]),\n",
       " array([[11, 12, 13, 14, 15],\n",
       "        [21, 22, 23, 24, 25],\n",
       "        [31, 32, 33, 34, 35]]))"
      ]
     },
     "execution_count": 68,
     "metadata": {},
     "output_type": "execute_result"
    }
   ],
   "source": [
    "Y = np.arange(1,6)[np.newaxis,:] + np.arange(1,4)[:,np.newaxis]*10\n",
    "np.arange(1,6)[np.newaxis,:],np.arange(1,4)[:,np.newaxis]*10,Y"
   ]
  },
  {
   "cell_type": "code",
   "execution_count": 65,
   "metadata": {},
   "outputs": [
    {
     "data": {
      "text/plain": [
       "array([11, 21, 31, 41, 51])"
      ]
     },
     "execution_count": 65,
     "metadata": {},
     "output_type": "execute_result"
    }
   ],
   "source": [
    "Y[0]"
   ]
  }
 ],
 "metadata": {
  "kernelspec": {
   "display_name": "Python 3",
   "language": "python",
   "name": "python3"
  },
  "language_info": {
   "codemirror_mode": {
    "name": "ipython",
    "version": 3
   },
   "file_extension": ".py",
   "mimetype": "text/x-python",
   "name": "python",
   "nbconvert_exporter": "python",
   "pygments_lexer": "ipython3",
   "version": "3.6.5"
  }
 },
 "nbformat": 4,
 "nbformat_minor": 4
}